0.426895
0.785419
0.103798
-0.385699
-0.122513
0.0997508
0.283856
0.990016
-0.39466
-0.380759
-0.931252
0.269987
0.289929
0.120728
0.815393
0.923906
0.00633239
-0.406926
0.526985
-0.45662
0.330608
-0.697878
0.519842
-0.180154
0.120569
0.818923
-0.064713
-0.316046
0.287696
0.430756
-0.131902
-0.508758
-0.200578
0.448338
0.102108
-0.13587
-0.30839
-0.136471
0.20929
0.570595
0.474588
0.769012
-0.17309
-0.534465
-0.995553
-0.265895
-0.580742
0.25472
0.265644
0.869591
0.481117
0.153715
-0.0908788
-0.369117
-0.574544
-0.890047
-1.03016
-0.366545
-0.754468
-0.183518
0.237028
0.34064
0.34578
1.01577
0.791836
0.884103
0.168886
0.611329
0.172393
-0.117748
-0.0238941
-0.225249
-0.318095
-0.900208
